claude-3.5-haiku: -3.280561432335305
claude-3.5-sonnet: -0.7261512427905659
claude-3.5-sonnet-v2: -0.36500281907784615
claude-3.7-sonnet-nothinking: -0.3490942789214957
claude-3.7-sonnet-thinking: -0.44896807852575915
claude-opus-4-nothinking: -0.06418702648412272
claude-opus-4-thinking: -0.15306311309244272
claude-opus-4.1-nothinking: 5.133626972483655
claude-opus-4.1-thinking: 0.13610174915966974
claude-sonnet-4-nothinking: -0.12037556194457835
claude-sonnet-4-thinking: -0.2740633780460364
deepseek-r1-0120: -0.09558175705033731
deepseek-r1-0528: 0.17903419433281983
deepseek-v3-0324: -0.2337460723018597
deepseek-v3-1224: -0.44308191006626535
gemini-2.5-flash-0520-nothinking: -0.1551651174020305
gemini-2.5-flash-0520-thinking: 0.09256094665806196
gemini-2.5-flash-preview-0417-nothinking: -0.3773278979651129
gemini-2.5-flash-preview-0417-thinking: -0.06932930682422744
gemini-2.5-pro-06-05: 0.47258546750556596
gemini-2.5-pro-preview-03-25: -0.06041099874580108
gemini-2.5-pro-preview-05-06: -0.10392916037618782
gpt-4.1: -0.1478892833443554
gpt-4.1-mini: -0.2758900817055549
gpt-4.1-nano: -0.5149341711452651
gpt-4.5-preview: -0.31203289157517083
gpt-4o-2024-05-13: -0.6111608257205653
gpt-4o-2024-08-06: -0.7351972261801696
gpt-4o-2024-11-20: -0.7401690012976331
gpt-5-high: 1.5293953142627699
gpt-5-low: 0.4677026436646933
gpt-5-medium: 1.0052066094196492
gpt-5-mini-high: 0.8769939306460652
gpt-5-mini-low: -0.10514047429650726
gpt-5-mini-medium: 0.26004211349473566
gpt-5-mini-minimal: -0.6490140878886296
gpt-5-minimal: -0.44267299896966766
gpt-5-nano-high: -0.3650906302363459
gpt-5-nano-low: -0.6820057983925855
gpt-5-nano-medium: -0.20876556794330822
gpt-5-nano-minimal: -0.7426088736602051
gpt-oss-120b-high: -0.04260958963163051
gpt-oss-120b-medium: -0.25770635822038773
gpt-oss-20b-high: -0.30084383569343137
gpt-oss-20b-medium: -0.5931307542564249
grok-3: -0.339531775205783
grok-3-mini-high: -0.2599845901711067
grok-3-mini-low: -0.3725195093672194
grok-3-mini-nothinking: -0.43219706271741004
grok-4: -0.17841630510715656
kimi-k2: 3.054626138746757
llama-4-maverick: -0.7154367991608971
llama-4-scout: -0.8167914187882267
o3-high: 1.1875131067809461
o3-low: 0.37325054855204837
o3-medium: 0.6456791528092102
o3-pro-high: 1.1114282012904353
o3-pro-low: 0.4720938132807929
o3-pro-medium: 0.971094592232521
o4-mini-high: 0.9079406428537612
o4-mini-low: -0.24415269712283244
o4-mini-medium: -0.06067589111572706
qwen-3-235b-a22b-nothinking: -0.15323849560146613
qwen-3-235b-a22b-thinking: -0.2570299917085135
