claude-3.5-haiku: -2.4961666452165745
claude-3.5-sonnet: -0.8425749701841515
claude-3.5-sonnet-v2: -0.12633599570209567
claude-3.7-sonnet-nothinking: -0.09832870938475848
claude-3.7-sonnet-thinking: -0.19474425999311373
claude-opus-4-nothinking: 0.27523397568444097
claude-opus-4-thinking: 0.20571963167584328
claude-opus-4.1-nothinking: 2.4790288627279247
claude-opus-4.1-thinking: 0.7534442104899757
claude-sonnet-4-nothinking: 0.21288099402863447
claude-sonnet-4-thinking: 0.034230289551304846
deepseek-r1-0120: 0.23972466681656718
deepseek-r1-0528: 0.5711064644506606
deepseek-v3-0324: 0.07056373135362291
deepseek-v3-1224: -0.22744567873686927
gemini-2.5-flash-0520-nothinking: -0.0486006718606664
gemini-2.5-flash-0520-thinking: 0.4306676913699614
gemini-2.5-flash-preview-0417-nothinking: -0.14793436837226484
gemini-2.5-flash-preview-0417-thinking: 0.2981198420316859
gemini-2.5-pro-06-05: 0.6617587096207319
gemini-2.5-pro-preview-03-25: 0.27620241950168556
gemini-2.5-pro-preview-05-06: 0.2295352477947052
gpt-4.1: 0.17929860031326111
gpt-4.1-mini: 0.009179452502981805
gpt-4.1-nano: -0.4265806450582604
gpt-4.5-preview: -0.04383474398111588
gpt-4o-2024-05-13: -0.5682703586007399
gpt-4o-2024-08-06: -0.8140127606032469
gpt-4o-2024-11-20: -0.6823620203992052
gpt-5-high: 1.4235095858218594
gpt-5-low: 0.802398184230731
gpt-5-medium: 1.1301186446286948
gpt-5-mini-high: 1.074198730488936
gpt-5-mini-low: 0.3132468006182852
gpt-5-mini-medium: 0.6528120112781034
gpt-5-mini-minimal: -3.473381019401928
gpt-5-minimal: -0.19594803415578174
gpt-5-nano-high: -1.8594217156716462
gpt-5-nano-low: -2.459946726796803
gpt-5-nano-medium: 0.12124429649274528
gpt-5-nano-minimal: -2.39963044291671
gpt-oss-120b-high: 0.3637519290096939
gpt-oss-120b-medium: 0.03782017968595532
gpt-oss-20b-high: 0.047225787229836134
gpt-oss-20b-medium: -0.6247653289525388
grok-3: -0.0848770098283983
grok-3-mini-high: 0.024475265926005428
grok-3-mini-low: -0.30784144288955606
grok-3-mini-nothinking: -0.24648562603399196
grok-4: 0.14178863131927172
kimi-k2: 0.8651902712085816
llama-4-maverick: -1.0896436060138477
llama-4-scout: -2.073255959925118
o3-high: 1.2094195939003543
o3-low: 0.7998406836602554
o3-medium: 0.7190439800057896
o3-pro-high: 1.1195580040875666
o3-pro-low: 0.8958303402281255
o3-pro-medium: 1.1006771727959241
o4-mini-high: 1.0763635671662137
o4-mini-low: 0.1823023726160113
o4-mini-medium: 0.2767578713404157
qwen-3-235b-a22b-nothinking: 0.18245887473706987
qwen-3-235b-a22b-thinking: 0.045661172288969674
